#Format: E_zna,NumEvents
744.0860215053835  1210.4907074157768
1073.1182795698987  4798.354176126164
1438.709677419356  14691.752697629947
1804.3010752688206  40106.12296501575
2169.892473118278  58237.73159050923
2498.9247311828003  64389.96034926819
2864.5161290322576  59932.92995672156
3230.107526881722  26838.35247912095
3559.1397849462373  20143.979020749433
3924.731182795702  26079.231720177802
4290.322580645159  34746.04558363788
4655.913978494624  38971.72432682969
5021.505376344081  39534.85510294088
5350.5376344086035  43711.31366159315
5716.129032258068  24624.79789647276
6081.720430107525  20730.33496890169
6447.311827956983  23587.455074798327
6776.344086021505  32808.26518891336
7141.93548387097  30537.298810295633
7507.526881720427  30537.29881029557
7873.1182795698915  35248.116455642856
8202.150537634407  22271.987163626487
8567.741935483871  21029.882649219344
8933.333333333336  25707.76158425026
9262.365591397851  27619.56991379608
9627.956989247316  25341.582634173843
9993.54838709678  24980.619502792477
10359.139784946237  30978.55444053573
10688.172043010753  21333.75871173242
11053.76344086021  20143.979020749433
11419.354838709682  22593.81129724213
11784.946236559139  27226.15934479531
12113.978494623654  22593.81129724213
12479.569892473126  22593.81129724213
12845.161290322583  28018.665158106465
13174.193548387098  19857.050068806046
13539.784946236556  19857.050068806006
13905.37634408602  23251.477572207987
14270.967741935485  23928.28736056954
14600  21029.8826492193
14965.591397849465  20730.33496890165
15331.182795698922  26838.352479121062
15660.215053763444  19857.050068806006
16025.806451612909  19295.39491764384
16391.397849462373  21029.882649219344
16756.98924731183  24980.619502792477
17086.021505376346  19574.20810600109
17451.612903225803  19574.20810600109
17817.204301075275  26079.231720177802
18182.795698924732  19020.553118248037

