0   499   22.3383
0.121766    1030    32.0936
0.243531    1630    40.3733
0.365297    2619    51.1762
0.487062    3753    61.2617
0.608828    5212    72.1942
0.730594    7236    85.0647
0.852359    10469   102.318
0.974125    14533   120.553
1.09589   19321   139
1.21766   23540   153.428
1.33942   26386   162.438
1.46119   27084   164.572
1.58295   26146   161.697
1.70472   23419   153.033
1.82648   19799   140.709
1.94825   15880   126.016
2.07002   12637   112.414
2.19178   10601   102.961
2.31355   10098   100.489
2.43531   10284   101.41
2.55708   11433   106.925
2.67884   13264   115.169
2.80061   14888   122.016
2.92237   16424   128.156
3.04414   17313   131.579
3.16591   17424   132
3.28767   16886   129.946
3.40944   15616   124.964
3.5312    14297   119.57
3.65297   12793   113.106
3.77473   11555   107.494
3.8965    10879   104.302
4.01826   10270   101.341
4.14003   10935   104.571
4.2618    11173   105.702
4.38356   11981   109.458
4.50533   12573   112.129
4.62709   13068   114.315
4.74886   13277   115.226
4.87062   13295   115.304
4.99239   13105   114.477
5.11416   12510   111.848
5.23592   12038   109.718
5.35769   11350   106.536
5.47945   10797   103.909
5.60122   10567   102.796
5.72298   10393   101.946
5.84475   10181   100.901
5.96651   10576   102.84
6.08828   10707   103.475
6.21005   10837   104.101
6.33181   11221   105.929
6.45358   11443   106.972
6.57534   11273   106.174
6.69711   11179   105.731
6.81887   10790   103.875
6.94064   10573   102.825
7.0624    10295   101.464
7.18417   10179   100.891
7.30594   10034   100.17
7.4277    9929    99.6444
7.54947   9879    99.3932
7.67123   9890    99.4485
7.793   10080   100.399
7.91476   10193   100.96
8.03653   10154   100.767
8.1583    10071   100.354
8.28006   10040   100.2
8.40183   10175   100.871
8.52359   9918    99.5892
8.64536   9659    98.2802
8.76712   9557    97.7599
8.88889   9490    97.4166
9.01065   9689    98.4327
9.13242   9418    97.0464
9.25419   9535    97.6473
9.37595   9440    97.1597
9.49772   9554    97.7446
9.61948   9765    98.818
9.74125   9366    96.7781
9.86301   9540    97.6729
9.98478   9586    97.9081
10.1065   9429    97.103
10.2283   9444    97.1802
10.3501   9344    96.6644
10.4718   9338    96.6333
10.5936   9281    96.3379
10.7154   9309    96.4832
10.8371   9343    96.6592
10.9589   9217    96.0052
11.0807   9148    95.6452
11.2024   9212    95.9792
11.3242   9154    95.6765
11.446    9017    94.9579
11.5677   9282    96.3431
11.6895   9185    95.8384
11.8113   9038    95.0684
11.933    9191    95.8697
12.0548   9076    95.268
12.1766   9081    95.2943
12.2983   9094    95.3625
12.4201   9061    95.1893
12.5419   8791    93.7603
12.6636   9138    95.5929
12.7854   9170    95.7601
12.9072   9058    95.1735
13.0289   8964    94.6784
13.1507   9084    95.31
13.2725   9157    95.6922
13.3942   9082    95.2995
13.516    8907    94.3769
13.6377   9058    95.1735
13.7595   8984    94.784
13.8813   8796    93.787
14.003    9056    95.163
14.1248   8997    94.8525
14.2466   9213    95.9844
14.3683   8834    93.9894
14.4901   9221    96.026
14.6119   8984    94.784
14.7336   8917    94.4299
14.8554   9021    94.9789
14.9772   9051    95.1367
15.0989   9121    95.5039
15.2207   9112    95.4568
15.3425   9067    95.2208
15.4642   8933    94.5145
15.586    9152    95.6661
15.7078   9080    95.289
15.8295   8983    94.7787
15.9513   8916    94.4246
16.0731   9006    94.8999
16.1948   8752    93.5521
16.3166   9098    95.3834
16.4384   8936    94.5304
16.5601   9203    95.9323
16.6819   9155    95.6818
16.8037   9184    95.8332
16.9254   9075    95.2628
17.0472   8999    94.8631
17.1689   9255    96.2029
17.2907   9292    96.395
17.4125   9191    95.8697
17.5342   9002    94.8789
17.656    8914    94.414
17.7778   8922    94.4563
17.8995   9037    95.0631
18.0213   9245    96.1509
18.1431   8923    94.4616
18.2648   9219    96.0156
18.3866   9082    95.2995
18.5084   9169    95.7549
18.6301   9199    95.9114
18.7519   9157    95.6922
18.8737   9197    95.901
18.9954   9261    96.2341
19.1172   9191    95.8697
19.239    9137    95.5877
19.3607   9252    96.1873
19.4825   9338    96.6333
19.6043   9220    96.0208
19.726    9227    96.0573
19.8478   9387    96.8865
19.9696   9104    95.4149
20.0913   9276    96.312
20.2131   9196    95.8958
20.3349   9263    96.2445
20.4566   9237    96.1093
20.5784   9288    96.3743
20.7002   9383    96.8659
20.8219   9412    97.0155
20.9437   9371    96.8039
21.0654   9392    96.9123
21.1872   9220    96.0208
21.309    9557    97.7599
21.4307   9423    97.0721
21.5525   9421    97.0618
21.6743   9399    96.9484
21.796    9449    97.206
21.9178   9330    96.5919
22.0396   9547    97.7088
22.1613   9509    97.5141
22.2831   9523    97.5859
22.4049   9450    97.2111
22.5266   9421    97.0618
22.6484   9561    97.7804
22.7702   9725    98.6154
22.8919   9491    97.4218
23.0137   9679    98.3819
23.1355   9690    98.4378
23.2572   9641    98.1886
23.379    9638    98.1733
23.5008   9588    97.9183
23.6225   9622    98.0918
23.7443   9532    97.632
23.8661   9731    98.6458
23.9878   9553    97.7394
24.1096   9563    97.7906
24.2314   9961    99.8048
24.3531   9725    98.6154
24.4749   9767    98.8281
24.5967   9892    99.4585
24.7184   9917    99.5841
24.8402   9805    99.0202
24.9619   9751    98.7472
25.0837   9962    99.8098
25.2055   9740    98.6914
25.3272   9917    99.5841
25.449    9739    98.6864
25.5708   9935    99.6745
25.6925   9855    99.2724
25.8143   9897    99.4837
25.9361   10165   100.822
26.0578   10109   100.544
26.1796   10038   100.19
26.3014   10139   100.693
26.4231   10205   101.02
26.5449   10207   101.03
26.6667   10050   100.25
26.7884   10075   100.374
26.9102   10116   100.578
27.032    10021   100.105
27.1537   10377   101.868
27.2755   10260   101.292
27.3973   10337   101.671
27.519    10369   101.828
27.6408   10253   101.257
27.7626   10266   101.321
27.8843   10440   102.176
28.0061   10430   102.127
28.1279   10237   101.178
28.2496   10566   102.791
28.3714   10489   102.416
28.4932   10476   102.352
28.6149   10404   102
28.7367   10473   102.338
28.8584   10619   103.049
28.9802   10390   101.931
29.102    10525   102.591
29.2237   10665   103.271
29.3455   10494   102.44
29.4673   10599   102.951
29.589    10622   103.063
29.7108   10688   103.383
29.8326   10747   103.668
29.9543   10930   104.547
30.0761   10810   103.971
30.1979   10780   103.827
30.3196   10938   104.585
30.4414   10922   104.508
30.5632   10999   104.876
30.6849   10775   103.803
30.8067   10901   104.408
30.9285   10855   104.187
31.0502   10761   103.735
31.172    10958   104.68
31.2938   11076   105.243
31.4155   10897   104.389
31.5373   11038   105.062
31.6591   10968   104.728
31.7808   11242   106.028
31.9026   10923   104.513
32.0244   11212   105.887
32.1461   11168   105.679
32.2679   11200   105.83
32.3896   11154   105.612
32.5114   11294   106.273
32.6332   11442   106.967
32.7549   11387   106.71
32.8767   11417   106.85
32.9985   11503   107.252
33.1202   11348   106.527
33.242    11274   106.179
33.3638   11377   106.663
33.4855   11384   106.696
33.6073   11392   106.733
33.7291   11390   106.724
33.8508   11494   107.21
33.9726   11682   108.083
34.0944   11752   108.407
34.2161   11697   108.153
34.3379   11730   108.305
34.4597   11766   108.471
34.5814   11684   108.093
34.7032   11759   108.439
34.825    11732   108.314
34.9467   11750   108.397
35.0685   11761   108.448
35.1903   11763   108.457
35.312    11781   108.54
35.4338   11860   108.904
35.5556   11793   108.596
35.6773   11796   108.609
35.7991   12008   109.581
35.9209   12032   109.69
36.0426   12062   109.827
36.1644   12006   109.572
36.2861   12119   110.086
36.4079   12130   110.136
36.5297   12075   109.886
36.6514   12385   111.288
36.7732   12201   110.458
36.895    12421   111.45
37.0167   12256   110.707
37.1385   11995   109.522
37.2603   12093   109.968
37.382    12288   110.851
37.5038   12353   111.144
37.6256   12367   111.207
37.7473   12041   109.731
37.8691   12089   109.95
37.9909   12516   111.875
38.1126   12626   112.365
38.2344   12299   110.901
38.3562   12482   111.723
38.4779   12516   111.875
38.5997   12487   111.745
38.7215   12548   112.018
38.8432   12757   112.947
38.965    12653   112.486
39.0868   12491   111.763
39.2085   12538   111.973
39.3303   12596   112.232
39.4521   12591   112.21
39.5738   12685   112.628
39.6956   12591   112.21
39.8174   12937   113.741
39.9391   12886   113.517
40.0609   12721   112.787
40.1826   12991   113.978
40.3044   12781   113.053
40.4262   12877   113.477
40.5479   12960   113.842
40.6697   12997   114.004
40.7915   12932   113.719
40.9132   13013   114.075
41.035    12994   113.991
41.1568   12977   113.917
41.2785   13004   114.035
41.4003   13057   114.267
41.5221   12973   113.899
41.6438   13118   114.534
41.7656   12926   113.693
41.8874   13208   114.926
42.0091   13125   114.564
42.1309   13224   114.996
42.2527   13375   115.65
42.3744   13378   115.663
42.4962   13196   114.874
42.618    13479   116.099
42.7397   13423   115.858
42.8615   13360   115.585
42.9833   13094   114.429
43.105    13502   116.198
43.2268   13358   115.577
43.3486   13095   114.433
43.4703   13476   116.086
43.5921   13406   115.784
43.7139   13434   115.905
43.8356   13484   116.121
43.9574   13427   115.875
44.0791   13797   117.461
44.2009   13743   117.231
44.3227   13667   116.906
44.4444   13607   116.649
44.5662   13580   116.533
44.688    13679   116.957
44.8097   13856   117.712
44.9315   13637   116.778
45.0533   13767   117.333
45.175    13967   118.182
45.2968   13870   117.771
45.4186   13896   117.881
45.5403   14009   118.36
45.6621   14017   118.393
45.7839   14078   118.651
45.9056   14136   118.895
46.0274   13971   118.199
46.1492   14043   118.503
46.2709   14029   118.444
46.3927   14171   119.042
46.5145   14087   118.689
46.6362   14275   119.478
46.758    14182   119.088
46.8798   14233   119.302
47.0015   14186   119.105
47.1233   14155   118.975
47.2451   14385   119.937
47.3668   14282   119.507
47.4886   14502   120.424
47.6104   14577   120.735
47.7321   14523   120.511
47.8539   14505   120.437
47.9756   14370   119.875
48.0974   14651   121.041
48.2192   14553   120.636
48.3409   14820   121.737
48.4627   15019   122.552
48.5845   14702   121.252
48.7062   14662   121.087
48.828    14736   121.392
48.9498   14665   121.099
49.0715   14946   122.254
49.1933   14948   122.262
49.3151   14898   122.057
49.4368   14974   122.368
49.5586   14929   122.184
49.6804   14953   122.282
49.8021   15217   123.357
49.9239   14874   121.959
50.0457   15039   122.634
50.1674   15001   122.479
50.2892   15166   123.15
50.411    15275   123.592
50.5327   15228   123.402
50.6545   15104   122.898
50.7763   15492   124.467
50.898    15426   124.201
51.0198   15178   123.199
51.1416   15377   124.004
51.2633   15535   124.639
51.3851   15313   123.746
51.5068   15759   125.535
51.6286   15508   124.531
51.7504   15443   124.27
51.8721   15672   125.188
51.9939   15445   124.278
52.1157   15706   125.324
52.2374   15755   125.519
52.3592   15790   125.658
52.481    15838   125.849
52.6027   16120   126.965
52.7245   15947   126.281
52.8463   15887   126.044
52.968    15829   125.813
53.0898   15908   126.127
53.2116   16132   127.012
53.3333   15732   125.427
53.4551   15837   125.845
53.5769   15913   126.147
53.6986   16243   127.448
53.8204   15973   126.384
53.9422   16101   126.89
54.0639   16244   127.452
54.1857   16269   127.55
54.3075   16471   128.339
54.4292   16378   127.977
54.551    16640   128.996
54.6728   16587   128.791
54.7945   16225   127.377
54.9163   16718   129.298
55.0381   16457   128.285
55.1598   16711   129.271
55.2816   16659   129.07
55.4033   16592   128.81
55.5251   16450   128.258
55.6469   16610   128.88
55.7686   16757   129.449
55.8904   16953   130.204
56.0122   16816   129.677
56.1339   16878   129.915
56.2557   16993   130.357
56.3775   16761   129.464
56.4992   16811   129.657
56.621    16973   130.28
56.7428   17168   131.027
56.8645   17106   130.79
56.9863   17412   131.955
57.1081   17135   130.901
57.2298   17492   132.257
57.3516   17141   130.924
57.4734   17328   131.636
57.5951   17301   131.533
57.7169   17372   131.803
57.8387   17210   131.187
57.9604   17163   131.008
58.0822   17213   131.198
58.204    17432   132.03
58.3257   17584   132.605
58.4475   17493   132.261
58.5693   17485   132.231
58.691    17792   133.387
58.8128   17595   132.646
58.9346   17768   133.297
59.0563   17595   132.646
59.1781   17624   132.755
59.2998   17722   133.124
59.4216   17792   133.387
59.5434   17508   132.318
59.6651   17786   133.364
59.7869   17776   133.327
59.9087   17982   134.097
60.0304   18051   134.354
60.1522   18087   134.488
60.274    18116   134.596
60.3957   18109   134.57
60.5175   18073   134.436
60.6393   18042   134.321
60.761    17878   133.709
60.8828   18053   134.361
61.0046   18047   134.339
61.1263   18060   134.387
61.2481   18144   134.7
61.3699   18377   135.562
61.4916   18370   135.536
61.6134   18243   135.067
61.7352   18430   135.757
61.8569   18187   134.859
61.9787   18462   135.875
62.1005   18202   134.915
62.2222   18458   135.86
62.344    18357   135.488
62.4658   18318   135.344
62.5875   18342   135.433
62.7093   18839   137.255
62.8311   18699   136.744
62.9528   18715   136.803
63.0746   18717   136.81
63.1963   18737   136.883
63.3181   18785   137.058
63.4399   18705   136.766
63.5616   18738   136.887
63.6834   18693   136.722
63.8052   18701   136.752
63.9269   18649   136.561
64.0487   18643   136.539
64.1705   18459   135.864
64.2922   18594   136.36
64.414    18831   137.226
64.5358   18484   135.956
64.6575   18773   137.015
64.7793   18815   137.168
64.9011   19018   137.906
65.0228   18739   136.89
65.1446   18786   137.062
65.2664   18847   137.284
65.3881   18749   136.927
65.5099   19238   138.701
65.6317   18760   136.967
65.7534   18976   137.753
65.8752   19147   138.373
65.997    19261   138.784
66.1187   18726   136.843
66.2405   18986   137.79
66.3623   19107   138.228
66.484    18881   137.408
66.6058   18884   137.419
66.7275   18932   137.594
66.8493   18949   137.655
66.9711   18852   137.303
67.0928   18973   137.743
67.2146   18974   137.746
67.3364   19037   137.975
67.4581   18765   136.985
67.5799   18902   137.485
67.7017   18823   137.197
67.8234   18832   137.23
67.9452   18880   137.405
68.067    18990   137.804
68.1887   18877   137.394
68.3105   18780   137.04
68.4323   18881   137.408
68.554    18814   137.164
68.6758   18865   137.35
68.7976   19107   138.228
68.9193   18600   136.382
69.0411   18963   137.706
69.1629   18709   136.781
69.2846   18668   136.631
69.4064   18767   136.993
69.5282   18652   136.572
69.6499   18863   137.343
69.7717   18937   137.612
69.8935   18528   136.118
70.0152   18604   136.396
70.137    18491   135.982
70.2588   18352   135.47
70.3805   18569   136.268
70.5023   18539   136.158
70.624    18417   135.709
70.7458   18550   136.198
70.8676   18279   135.2
70.9893   18636   136.514
71.1111   18335   135.407
71.2329   18341   135.429
71.3546   18172   134.804
71.4764   18367   135.525
71.5982   18078   134.454
71.7199   18202   134.915
71.8417   18043   134.324
71.9635   17953   133.989
72.0852   18098   134.529
72.207    17876   133.701
72.3288   17891   133.757
72.4505   18258   135.122
72.5723   17690   133.004
72.6941   17691   133.008
72.8158   17502   132.295
72.9376   17442   132.068
73.0594   17752   133.237
73.1811   17878   133.709
73.3029   17330   131.643
73.4247   17512   132.333
73.5464   17416   131.97
73.6682   17325   131.624
73.79   17239   131.297
73.9117   16959   130.227
74.0335   17304   131.545
74.1553   16974   130.284
74.277    16924   130.092
74.3988   16679   129.147
74.5205   16720   129.306
74.6423   16687   129.178
74.7641   16649   129.031
74.8858   16507   128.48
75.0076   16384   128
75.1294   16402   128.07
75.2511   16517   128.518
75.3729   16266   127.538
75.4947   16417   128.129
75.6164   15810   125.738
75.7382   16178   127.193
75.86   16097   126.874
75.9817   16080   126.807
76.1035   15862   125.944
76.2253   15675   125.2
76.347    15746   125.483
76.4688   15538   124.652
76.5906   15717   125.367
76.7123   15498   124.491
76.8341   15404   124.113
76.9559   15181   123.211
77.0776   15236   123.434
77.1994   15352   123.903
77.3212   14824   121.754
77.4429   14863   121.914
77.5647   14710   121.285
77.6865   14720   121.326
77.8082   14869   121.939
77.93   14474   120.308
78.0518   14402   120.008
78.1735   14439   120.162
78.2953   14150   118.954
78.417    13855   117.707
78.5388   14159   118.992
78.6606   13992   118.288
78.7823   14186   119.105
78.9041   14128   118.861
79.0259   13660   116.876
79.1476   13715   117.111
79.2694   13481   116.108
79.3912   13483   116.116
79.5129   13288   115.274
79.6347   13154   114.691
79.7565   13173   114.774
79.8782   12948   113.789
80    12790   113.093
80.1218   12861   113.406
80.2435   12601   112.254
80.3653   12408   111.391
80.4871   12261   110.729
80.6088   12543   111.996
80.7306   12386   111.292
80.8524   12337   111.072
80.9741   11995   109.522
81.0959   11734   108.324
81.2177   11900   109.087
81.3394   11740   108.351
81.4612   11899   109.083
81.583    11442   106.967
81.7047   11436   106.939
81.8265   11445   106.981
81.9482   11257   106.099
82.07   11124   105.47
82.1918   10969   104.733
82.3135   10809   103.966
82.4353   10693   103.407
82.5571   10670   103.296
82.6788   10715   103.513
82.8006   10522   102.577
82.9224   10446   102.206
83.0441   10503   102.484
83.1659   10079   100.394
83.2877   9898    99.4887
83.4094   10056   100.28
83.5312   9821    99.101
83.653    9664    98.3056
83.7747   9620    98.0816
83.8965   9478    97.355
84.0183   9406    96.9845
84.14   9379    96.8452
84.2618   9225    96.0469
84.3836   9250    96.1769
84.5053   9132    95.5615
84.6271   9142    95.6138
84.7489   8720    93.3809
84.8706   8882    94.2444
84.9924   8704    93.2952
85.1142   8562    92.5311
85.2359   8357    91.4166
85.3577   8166    90.3659
85.4795   8335    91.2962
85.6012   8265    90.912
85.723    7890    88.8257
85.8447   7897    88.8651
85.9665   8008    89.4874
86.0883   7836    88.5212
86.21   7773    88.1646
86.3318   7621    87.2983
86.4536   7572    87.0172
86.5753   7422    86.151
86.6971   7258    85.1939
86.8189   7179    84.729
86.9406   7176    84.7113
87.0624   6912    83.1384
87.1842   6883    82.9638
87.3059   6874    82.9096
87.4277   6823    82.6015
87.5495   6700    81.8535
87.6712   6483    80.5171
87.793    6443    80.2683
87.9148   6320    79.4984
88.0365   6380    79.8749
88.1583   6320    79.4984
88.2801   6097    78.0833
88.4018   6181    78.6193
88.5236   6004    77.4855
88.6454   5800    76.1577
88.7671   5882    76.6942
88.8889   5781    76.0329
89.0107   5605    74.8665
89.1324   5464    73.9189
89.2542   5452    73.8377
89.376    5264    72.5534
89.4977   5278    72.6498
89.6195   5152    71.7774
89.7412   5162    71.8471
89.863    4963    70.4486
89.9848   5056    71.1056
90.1065   4814    69.383
90.2283   4804    69.3109
90.3501   4745    68.884
90.4718   4638    68.1029
90.5936   4624    68
90.7154   4633    68.0661
90.8371   4414    66.4379
90.9589   4448    66.6933
91.0807   4176    64.622
91.2024   4207    64.8614
91.3242   4088    63.9375
91.446    4090    63.9531
91.5677   4063    63.7417
91.6895   3907    62.506
91.8113   3949    62.8411
91.933    3789    61.5549
92.0548   3784    61.5142
92.1766   3713    60.9344
92.2983   3595    59.9583
92.4201   3557    59.6406
92.5419   3596    59.9667
92.6636   3407    58.3695
92.7854   3504    59.1946
92.9072   3341    57.8014
93.0289   3338    57.7754
93.1507   3123    55.8838
93.2725   3129    55.9375
93.3942   3045    55.1815
93.516    2924    54.074
93.6377   3069    55.3986
93.7595   2886    53.7215
93.8813   2948    54.2955
94.003    2777    52.6972
94.1248   2769    52.6213
94.2466   2654    51.517
94.3683   2586    50.8527
94.4901   2665    51.6236
94.6119   2519    50.1896
94.7336   2408    49.0714
94.8554   2461    49.6085
94.9772   2390    48.8876
95.0989   2375    48.734
95.2207   2354    48.518
95.3425   2333    48.3011
95.4642   2221    47.1275
95.586    2101    45.8367
95.7078   2157    46.4435
95.8295   2014    44.8776
95.9513   2097    45.793
96.0731   2062    45.4093
96.1948   1972    44.4072
96.3166   1952    44.1814
96.4384   1921    43.8292
96.5601   1828    42.7551
96.6819   1794    42.3556
96.8037   1765    42.0119
96.9254   1684    41.0366
97.0472   1711    41.3642
97.1689   1747    41.7971
97.2907   1603    40.0375
97.4125   1595    39.9375
97.5342   1579    39.7366
97.656    1509    38.8458
97.7778   1476    38.4187
97.8995   1448    38.0526
98.0213   1428    37.7889
98.1431   1381    37.1618
98.2648   1355    36.8103
98.3866   1357    36.8375
98.5084   1301    36.0694
98.6301   1276    35.7211
98.7519   1228    35.0428
98.8737   1202    34.6699
98.9954   1212    34.8138
99.1172   1183    34.3948
99.239    1147    33.8674
99.3607   1073    32.7567
99.4825   1066    32.6497
99.6043   1055    32.4808
99.726    1054    32.4654
99.8478   1014    31.8434
99.9696   982   31.3369
100.091   943   30.7083
100.213   956   30.9192
100.335   897   29.95
100.457   929   30.4795
100.578   859   29.3087
100.7   828   28.775
100.822   803   28.3373
100.944   825   28.7228
101.065   762   27.6043
101.187   719   26.8142
101.309   763   27.6225
101.431   737   27.1477
101.553   729   27
101.674   717   26.7769
101.796   699   26.4386
101.918   626   25.02
102.04    596   24.4131
102.161   620   24.8998
102.283   603   24.5561
102.405   555   23.5584
102.527   591   24.3105
102.648   561   23.6854
102.77    593   24.3516
102.892   548   23.4094
103.014   532   23.0651
103.135   505   22.4722
103.257   514   22.6716
103.379   503   22.4277
103.501   452   21.2603
103.623   453   21.2838
103.744   429   20.7123
103.866   437   20.9045
103.988   408   20.199
104.11    399   19.975
104.231   375   19.3649
104.353   409   20.2237
104.475   392   19.799
104.597   394   19.8494
104.718   390   19.7484
104.84    385   19.6214
104.962   357   18.8944
105.084   351   18.735
105.205   310   17.6068
105.327   300   17.3205
105.449   340   18.4391
105.571   303   17.4069
105.693   316   17.7764
105.814   271   16.4621
105.936   262   16.1864
106.058   261   16.1555
106.18    255   15.9687
106.301   251   15.843
106.423   257   16.0312
106.545   216   14.6969
106.667   242   15.5563
106.788   242   15.5563
106.91    233   15.2643
107.032   210   14.4914
107.154   201   14.1774
107.275   194   13.9284
107.397   214   14.6287
107.519   178   13.3417
107.641   202   14.2127
107.763   203   14.2478
107.884   164   12.8062
108.006   184   13.5647
108.128   155   12.4499
108.25    150   12.2474
108.371   143   11.9583
108.493   163   12.7671
108.615   118   10.8628
108.737   130   11.4018
108.858   140   11.8322
108.98    136   11.6619
109.102   133   11.5326
109.224   126   11.225
109.346   121   11
109.467   131   11.4455
109.589   112   10.583
109.711   110   10.4881
109.833   119   10.9087
109.954   117   10.8167
110.076   107   10.3441
110.198   118   10.8628
110.32    106   10.2956
110.441   101   10.0499
110.563   100   10
110.685   90    9.48683
110.807   99    9.94987
110.928   119   10.9087
111.05    97    9.84886
111.172   81    9
111.294   99    9.94987
111.416   81    9
111.537   94    9.69536
111.659   55    7.4162
111.781   81    9
111.903   87    9.32738
112.024   88    9.38083
112.146   76    8.7178
112.268   64    8
112.39    52    7.2111
112.511   57    7.54983
112.633   61    7.81025
112.755   63    7.93725
112.877   81    9
112.998   80    8.94427
113.12    69    8.30662
113.242   57    7.54983
113.364   66    8.12404
113.486   55    7.4162
113.607   55    7.4162
113.729   52    7.2111
113.851   47    6.85565
113.973   59    7.68115
114.094   52    7.2111
114.216   46    6.78233
114.338   31    5.56776
114.46    48    6.9282
114.581   43    6.55744
114.703   37    6.08276
114.825   45    6.7082
114.947   47    6.85565
115.068   43    6.55744
115.19    45    6.7082
115.312   44    6.63325
115.434   40    6.32456
115.556   44    6.63325
115.677   50    7.07107
115.799   27    5.19615
115.921   41    6.40312
116.043   51    7.14143
116.164   47    6.85565
116.286   44    6.63325
116.408   50    7.07107
116.53    34    5.83095
116.651   37    6.08276
116.773   37    6.08276
116.895   42    6.48074
117.017   36    6
117.139   37    6.08276
117.26    34    5.83095
117.382   34    5.83095
117.504   35    5.91608
117.626   35    5.91608
117.747   34    5.83095
117.869   27    5.19615
117.991   38    6.16441
118.113   27    5.19615
118.234   36    6
118.356   36    6
118.478   41    6.40312
118.6   25    5
118.721   43    6.55744
118.843   28    5.2915
118.965   33    5.74456
119.087   31    5.56776
119.209   25    5
119.33    35    5.91608
119.452   39    6.245
119.574   32    5.65685
119.696   24    4.89898
119.817   39    6.245
119.939   26    5.09902
120.061   27    5.19615
120.183   25    5
120.304   22    4.69042
120.426   30    5.47723
120.548   23    4.79583
120.67    28    5.2915
120.791   29    5.38516
120.913   28    5.2915
121.035   32    5.65685
121.157   28    5.2915
121.279   28    5.2915
121.4   32    5.65685
121.522   40    6.32456
121.644   31    5.56776
121.766   32    5.65685
121.887   38    6.16441
122.009   24    4.89898
122.131   33    5.74456
122.253   39    6.245
122.374   27    5.19615
122.496   30    5.47723
122.618   35    5.91608
122.74    29    5.38516
122.861   36    6
122.983   30    5.47723
123.105   25    5
123.227   26    5.09902
123.349   23    4.79583
123.47    26    5.09902
123.592   26    5.09902
123.714   22    4.69042
123.836   30    5.47723
123.957   27    5.19615
124.079   21    4.58258
124.201   39    6.245
124.323   25    5
124.444   28    5.2915
124.566   26    5.09902
124.688   24    4.89898
124.81    32    5.65685
124.932   35    5.91608
125.053   36    6
125.175   27    5.19615
125.297   20    4.47214
125.419   28    5.2915
125.54    27    5.19615
125.662   18    4.24264
125.784   22    4.69042
125.906   29    5.38516
126.027   26    5.09902
126.149   21    4.58258
126.271   21    4.58258
126.393   22    4.69042
126.514   32    5.65685
126.636   25    5
126.758   22    4.69042
126.88    25    5
127.002   21    4.58258
127.123   28    5.2915
127.245   29    5.38516
127.367   18    4.24264
127.489   30    5.47723
127.61    30    5.47723
127.732   21    4.58258
127.854   26    5.09902
127.976   25    5
128.097   18    4.24264
128.219   31    5.56776
128.341   19    4.3589
128.463   34    5.83095
128.584   23    4.79583
128.706   20    4.47214
128.828   25    5
128.95    18    4.24264
129.072   27    5.19615
129.193   26    5.09902
129.315   21    4.58258
129.437   18    4.24264
129.559   19    4.3589
129.68    23    4.79583
129.802   25    5
129.924   19    4.3589
130.046   20    4.47214
130.167   30    5.47723
130.289   20    4.47214
130.411   22    4.69042
130.533   24    4.89898
130.654   33    5.74456
130.776   17    4.12311
130.898   18    4.24264
131.02    29    5.38516
131.142   25    5
131.263   24    4.89898
131.385   14    3.74166
131.507   23    4.79583
131.629   21    4.58258
131.75    31    5.56776
131.872   20    4.47214
131.994   17    4.12311
132.116   20    4.47214
132.237   18    4.24264
132.359   20    4.47214
132.481   16    4
132.603   26    5.09902
132.725   29    5.38516
132.846   20    4.47214
132.968   25    5
133.09    24    4.89898
133.212   14    3.74166
133.333   21    4.58258
133.455   22    4.69042
133.577   19    4.3589
133.699   27    5.19615
133.82    20    4.47214
133.942   9   3
134.064   18    4.24264
134.186   21    4.58258
134.307   20    4.47214
134.429   24    4.89898
134.551   20    4.47214
134.673   24    4.89898
134.795   20    4.47214
134.916   23    4.79583
135.038   25    5
135.16    20    4.47214
135.282   25    5
135.403   20    4.47214
135.525   15    3.87298
135.647   17    4.12311
135.769   18    4.24264
135.89    17    4.12311
136.012   19    4.3589
136.134   20    4.47214
136.256   16    4
136.377   12    3.4641
136.499   27    5.19615
136.621   15    3.87298
136.743   15    3.87298
136.865   11    3.31662
136.986   20    4.47214
137.108   19    4.3589
137.23    21    4.58258
137.352   22    4.69042
137.473   14    3.74166
137.595   25    5
137.717   15    3.87298
137.839   21    4.58258
137.96    17    4.12311
138.082   18    4.24264
138.204   14    3.74166
138.326   22    4.69042
138.447   26    5.09902
138.569   25    5
138.691   19    4.3589
138.813   11    3.31662
138.935   17    4.12311
139.056   14    3.74166
139.178   15    3.87298
139.3   20    4.47214
139.422   18    4.24264
139.543   11    3.31662
139.665   15    3.87298
139.787   14    3.74166
139.909   13    3.60555
140.03    17    4.12311
140.152   12    3.4641
140.274   14    3.74166
140.396   15    3.87298
140.518   10    3.16228
140.639   16    4
140.761   14    3.74166
140.883   22    4.69042
141.005   17    4.12311
141.126   14    3.74166
141.248   17    4.12311
141.37    12    3.4641
141.492   5   2.23607
141.613   12    3.4641
141.735   17    4.12311
141.857   19    4.3589
141.979   12    3.4641
142.1   16    4
142.222   8   2.82843
142.344   7   2.64575
142.466   15    3.87298
142.588   9   3
142.709   11    3.31662
142.831   10    3.16228
142.953   13    3.60555
143.075   7   2.64575
143.196   5   2.23607
143.318   12    3.4641
143.44    17    4.12311
143.562   14    3.74166
143.683   10    3.16228
143.805   13    3.60555
143.927   10    3.16228
144.049   12    3.4641
144.17    12    3.4641
144.292   10    3.16228
144.414   9   3
144.536   8   2.82843
144.658   8   2.82843
144.779   10    3.16228
144.901   13    3.60555
145.023   10    3.16228
145.145   13    3.60555
145.266   12    3.4641
145.388   5   2.23607
145.51    7   2.64575
145.632   6   2.44949
145.753   13    3.60555
145.875   7   2.64575
145.997   3   1.73205
146.119   11    3.31662
146.24    8   2.82843
146.362   7   2.64575
146.484   13    3.60555
146.606   14    3.74166
146.728   10    3.16228
146.849   6   2.44949
146.971   6   2.44949
147.093   4   2
147.215   12    3.4641
147.336   7   2.64575
147.458   4   2
147.58    8   2.82843
147.702   6   2.44949
147.823   6   2.44949
147.945   6   2.44949
148.067   6   2.44949
148.189   6   2.44949
148.311   6   2.44949
148.432   10    3.16228
148.554   7   2.64575
148.676   5   2.23607
148.798   8   2.82843
148.919   7   2.64575
149.041   6   2.44949
149.163   3   1.73205
149.285   5   2.23607
149.406   6   2.44949
149.528   8   2.82843
149.65    3   1.73205
149.772   2   1.41421
149.893   5   2.23607
150.015   7   2.64575
150.137   8   2.82843
150.259   4   2
150.381   8   2.82843
150.502   9   3
150.624   7   2.64575
150.746   1   1
150.868   10    3.16228
150.989   4   2
151.111   3   1.73205
151.233   4   2
151.355   5   2.23607
151.476   7   2.64575
151.598   3   1.73205
151.72    1   1
151.842   4   2
151.963   5   2.23607
152.085   3   1.73205
152.207   2   1.41421
152.329   2   1.41421
152.451   4   2
152.572   3   1.73205
152.694   4   2
152.816   7   2.64575
152.938   5   2.23607
153.059   5   2.23607
153.181   4   2
153.303   2   1.41421
153.425   2   1.41421
153.546   2   1.41421
153.668   4   2
153.79    7   2.64575
153.912   5   2.23607
154.033   1   1
154.155   0   0
154.277   6   2.44949
154.399   1   1
154.521   1   1
154.642   4   2
154.764   3   1.73205
154.886   2   1.41421
155.008   1   1
155.129   8   2.82843
155.251   3   1.73205
155.373   4   2
155.495   5   2.23607
155.616   1   1
155.738   1   1
155.86    3   1.73205
155.982   3   1.73205
156.104   2   1.41421
156.225   3   1.73205
156.347   5   2.23607
156.469   3   1.73205
156.591   3   1.73205
156.712   0   0
156.834   1   1
156.956   4   2
157.078   4   2
157.199   3   1.73205
157.321   1   1
157.443   0   0
157.565   0   0
157.686   0   0
157.808   5   2.23607
157.93    2   1.41421
158.052   2   1.41421
158.174   1   1
158.295   2   1.41421
158.417   2   1.41421
158.539   0   0
158.661   4   2
158.782   1   1
158.904   2   1.41421
159.026   0   0
159.148   1   1
159.269   3   1.73205
159.391   1   1
159.513   1   1
159.635   0   0
159.756   0   0
159.878   2   1.41421
160
