0   323645    568.898
0.121766    53.7536   7.33169
0.243531    152.133   12.3342
0.365297    302.237   17.385
0.487062    757.622   27.5249
0.608828    1454.39   38.1365
0.730594    2691.74   51.882
0.852359    4293.19   65.5225
0.974125    6537.66   80.8558
1.09589   8804.44   93.832
1.21766   11019.5   104.974
1.33942   12278.1   110.807
1.46119   13106.8   114.485
1.58295   12578.4   112.153
1.70472   11139.2   105.542
1.82648   9591.48   97.9361
1.94825   8124.91   90.1383
2.07002   6970.73   83.4909
2.19178   6739.49   82.0944
2.31355   7101.57   84.2708
2.43531   8065.07   89.8058
2.55708   9029.6    95.0242
2.67884   10219.3   101.09
2.80061   11088.5   105.302
2.92237   11883.6   109.012
3.04414   11810.6   108.677
3.16591   12019.5   109.634
3.28767   11532.7   107.39
3.40944   11098.6   105.35
3.5312    10665.5   103.274
3.65297   10297.4   101.476
3.77473   10123.9   100.618
3.8965    10092.5   100.461
4.01826   10391.7   101.94
4.14003   10699   103.436
4.2618    11172.6   105.701
4.38356   11623   107.81
4.50533   11787.3   108.569
4.62709   12087.5   109.943
4.74886   11832.9   108.779
4.87062   11869.4   108.947
4.99239   11654.4   107.956
5.11416   11596.6   107.687
5.23592   11222.3   105.936
5.35769   11297.4   106.289
5.47945   11155.4   105.619
5.60122   11133.1   105.513
5.72298   11347.1   106.523
5.84475   11424.2   106.884
5.96651   11504.3   107.258
6.08828   11642.2   107.899
6.21005   11579.3   107.607
6.33181   11628   107.833
6.45358   11464.7   107.074
6.57534   11571.2   107.57
6.69711   11373.5   106.646
6.81887   11139.2   105.542
6.94064   11279.1   106.203
7.0624    11451.6   107.012
7.18417   11055   105.143
7.30594   11230.5   105.974
7.4277    11039.8   105.07
7.54947   11086.4   105.292
7.67123   11043.8   105.09
7.793   11168.6   105.682
7.91476   11068.2   105.205
8.03653   10858.2   104.203
8.1583    10951.5   104.65
8.28006   10981   104.79
8.40183   10860.3   104.213
8.52359   10824.8   104.042
8.64536   10910   104.451
8.76712   10778.1   103.818
8.88889   10784.2   103.847
9.01065   10643.2   103.166
9.13242   10632.1   103.112
9.25419   10621.9   103.063
9.37595   10563.1   102.777
9.49772   10494.1   102.441
9.61948   10434.3   102.148
9.74125   10469.8   102.322
9.86301   10503.3   102.485
9.98478   10465.7   102.302
10.1065   10504.3   102.49
10.2283   10182.8   100.91
10.3501   10219.3   101.09
10.4718   10341   101.691
10.5936   10387.6   101.92
10.7154   10261.9   101.301
10.8371   10148.3   100.739
10.9589   10102.6   100.512
11.0807   10186.8   100.93
11.2024   10174.7   100.869
11.3242   10004.3   100.021
11.446    10191.9   100.955
11.5677   9968.76   99.8437
11.6895   9989.05   99.9452
11.8113   10103.7   100.517
11.933    10096.6   100.482
12.0548   10185.8   100.925
12.1766   10009.3   100.047
12.2983   9855.17   99.2732
12.4201   10075.3   100.376
12.5419   9990.06   99.9503
12.6636   10016.4   100.082
12.7854   10000.2   100.001
12.9072   10055   100.274
13.0289   9898.78   99.4926
13.1507   9801.42   99.0021
13.2725   10059   100.295
13.3942   9777.08   98.8791
13.516    9810.55   99.0482
13.6377   9866.33   99.3294
13.7595   10227.4   101.131
13.8813   9824.75   99.1199
14.003    9861.26   99.3039
14.1248   9935.29   99.6759
14.2466   9945.44   99.7268
14.3683   9809.53   99.0431
14.4901   9906.9    99.5334
14.6119   10018.5   100.092
14.7336   9834.89   99.171
14.8554   9818.66   99.0892
14.9772   9882.56   99.411
15.0989   9602.63   97.993
15.2207   9893.71   99.4671
15.3425   9941.38   99.7065
15.4642   9961.67   99.8081
15.586    9763.89   98.8124
15.7078   9826.77   99.1301
15.8295   9930.22   99.6505
15.9513   9800.4    98.997
16.0731   9855.17   99.2732
16.1948   9737.52   98.6789
16.3166   9870.39   99.3498
16.4384   9767.95   98.8329
16.5601   9879.51   99.3957
16.6819   9847.06   99.2323
16.8037   9955.58   99.7777
16.9254   9823.73   99.1147
17.0472   9626.97   98.1171
17.1689   9875.46   99.3753
17.2907   9637.12   98.1688
17.4125   9730.42   98.6429
17.5342   9811.56   99.0533
17.656    9757.81   98.7816
17.7778   9672.61   98.3494
17.8995   9863.29   99.3141
18.0213   9805.48   99.0226
18.1431   9943.41   99.7166
18.2648   9837.93   99.1863
18.3866   9788.23   98.9355
18.5084   9760.85   98.797
18.6301   9786.21   98.9252
18.7519   9846.04   99.2272
18.8737   9886.61   99.4315
18.9954   9706.08   98.5195
19.1172   9659.43   98.2824
19.239    9801.42   99.0021
19.3607   9682.75   98.401
19.4825   9770.99   98.8483
19.6043   9918.05   99.5894
19.726    9785.19   98.9201
19.8478   9907.91   99.5385
19.9696   9851.12   99.2528
20.0913   9909.94   99.5487
20.2131   9837.93   99.1863
20.3349   9848.07   99.2375
20.4566   9851.12   99.2528
20.5784   9737.52   98.6789
20.7002   9805.48   99.0226
20.8219   9869.37   99.3447
20.9437   9632.04   98.143
21.0654   9753.75   98.7611
21.1872   9770.99   98.8483
21.309    9668.56   98.3288
21.4307   9812.57   99.0584
21.5525   9777.08   98.8791
21.6743   9863.29   99.3141
21.796    9688.84   98.4319
21.9178   9928.2    99.6403
22.0396   9778.09   98.8842
22.1613   9824.75   99.1199
22.2831   9814.6    99.0687
22.4049   9752.74   98.7559
22.5266   9866.33   99.3294
22.6484   10096.6   100.482
22.7702   9851.12   99.2528
22.8919   9779.11   98.8894
23.0137   9778.09   98.8842
23.1355   9766.94   98.8278
23.2572   9678.7    98.3804
23.379    9781.13   98.8996
23.5008   9778.09   98.8842
23.6225   9874.44   99.3702
23.7443   9925.15   99.6251
23.8661   9640.16   98.1843
23.9878   9917.04   99.5843
24.1096   9793.3    98.9611
24.2314   9772.01   98.8535
24.3531   9835.9    99.1761
24.4749   10071.2   100.355
24.5967   9872.41   99.36
24.7184   9877.49   99.3855
24.8402   9545.83   97.7028
24.9619   10119.9   100.598
25.0837   10253.8   101.261
25.2055   9754.76   98.7662
25.3272   9863.29   99.3141
25.449    9846.04   99.2272
25.5708   9908.93   99.5436
25.6925   9849.09   99.2426
25.8143   9855.17   99.2732
25.9361   10025.6   100.128
26.0578   10100.6   100.502
26.1796   9752.74   98.7559
26.3014   10014.4   100.072
26.4231   9933.27   99.6658
26.5449   9974.85   99.8742
26.6667   9908.93   99.5436
26.7884   9864.3    99.3192
26.9102   10106.7   100.532
27.032    9949.5    99.7472
27.1537   9906.9    99.5334
27.2755   9878.5    99.3906
27.3973   10251.7   101.251
27.519    10113.8   100.567
27.6408   9980.94   99.9046
27.7626   10101.6   100.507
27.8843   9966.74   99.8335
28.0061   9996.15   99.9807
28.1279   10041.8   100.209
28.2496   9890.67   99.4518
28.3714   10019.5   100.097
28.4932   10044.8   100.224
28.6149   10022.5   100.113
28.7367   10078.3   100.391
28.8584   10116.8   100.583
28.9802   10005.3   100.026
29.102    9828.8    99.1403
29.2237   10025.6   100.128
29.3455   10064.1   100.32
29.4673   9978.91   99.8945
29.589    10039.8   100.199
29.7108   9993.11   99.9655
29.8326   9905.88   99.5283
29.9543   10092.5   100.461
30.0761   10130   100.648
30.1979   10148.3   100.739
30.3196   10226.4   101.126
30.4414   10220.3   101.095
30.5632   10183.8   100.915
30.6849   10214.2   101.065
30.8067   10237.5   101.181
30.9285   10221.3   101.1
31.0502   10215.2   101.07
31.172    10246.7   101.226
31.2938   10396.8   101.965
31.4155   10241.6   101.201
31.5373   10287.2   101.426
31.6591   10182.8   100.91
31.7808   10306.5   101.521
31.9026   10388.7   101.925
32.0244   10283.2   101.406
32.1461   10276.1   101.371
32.2679   10550.9   102.718
32.3896   10427.2   102.114
32.5114   10530.6   102.619
32.6332   10509.3   102.515
32.7549   10348.1   101.726
32.8767   10507.3   102.505
32.9985   10391.7   101.94
33.1202   10393.7   101.95
33.242    10435.3   102.153
33.3638   10508.3   102.51
33.4855   10454.6   102.248
33.6073   10439.4   102.173
33.7291   10667.6   103.284
33.8508   10736.5   103.617
33.9726   10610.8   103.009
34.0944   10503.3   102.485
34.2161   10838   104.105
34.3379   10641.2   103.156
34.4597   10508.3   102.51
34.5814   10728.4   103.578
34.7032   10776.1   103.808
34.825    10593.5   102.925
34.9467   10889.7   104.354
35.0685   10701   103.446
35.1903   10800.4   103.925
35.312    10612.8   103.018
35.4338   11042.8   105.085
35.5556   10655.4   103.225
35.6773   10912   104.46
35.7991   10922.1   104.509
35.9209   11002.3   104.892
36.0426   10883.6   104.324
36.1644   11068.2   105.205
36.2861   10936.3   104.577
36.4079   10977.9   104.776
36.5297   10999.2   104.877
36.6514   10904.9   104.426
36.7732   11078.3   105.254
36.895    10893.7   104.373
37.0167   10952.6   104.654
37.1385   11055   105.143
37.2603   11041.8   105.08
37.382    11103.7   105.374
37.5038   11149.3   105.59
37.6256   11168.6   105.682
37.7473   11150.3   105.595
37.8691   11251.8   106.074
37.9909   11110.8   105.408
38.1126   11245.7   106.046
38.2344   11277.1   106.194
38.3562   11457.6   107.04
38.4779   11425.2   106.889
38.5997   11404.9   106.794
38.7215   11344   106.508
38.8432   11410   106.817
38.965    11298.4   106.294
39.0868   11380.6   106.68
39.2085   11409   106.813
39.3303   11552   107.48
39.4521   11468.8   107.092
39.5738   11399.8   106.77
39.6956   11488.1   107.182
39.8174   11735.5   108.331
39.9391   11677.7   108.064
40.0609   11634.1   107.862
40.1826   11830.9   108.77
40.3044   11750.7   108.401
40.4262   11749.7   108.396
40.5479   11739.6   108.349
40.6697   11906.9   109.119
40.7915   11916.1   109.161
40.9132   11903.9   109.105
41.035    11777.1   108.522
41.1568   11877.5   108.984
41.2785   12036.8   109.712
41.4003   12136.2   110.164
41.5221   12154.4   110.247
41.6438   12098.6   109.994
41.7656   12143.3   110.196
41.8874   12024.6   109.657
42.0091   12298.4   110.898
42.1309   12094.6   109.975
42.2527   12171.7   110.325
42.3744   12377.5   111.254
42.4962   12340   111.086
42.618    12190.9   110.413
42.7397   12347.1   111.118
42.8615   12468.8   111.664
42.9833   12414   111.418
43.105    12435.3   111.514
43.2268   12488.1   111.75
43.3486   12411   111.405
43.4703   12592.6   112.217
43.5921   12718.3   112.776
43.7139   12465.8   111.65
43.8356   12604.7   112.271
43.9574   12819.7   113.224
44.0791   12754.8   112.937
44.2009   12746.7   112.901
44.3227   12840   113.314
44.4444   12812.6   113.193
44.5662   13061.1   114.285
44.688    12955.6   113.823
44.8097   13094.6   114.432
44.9315   12983   113.943
45.0533   13052   114.245
45.175    13021.6   114.112
45.2968   13068.2   114.316
45.4186   12915.1   113.645
45.5403   13124   114.56
45.6621   13305.5   115.35
45.7839   13323.8   115.429
45.9056   13287.3   115.271
46.0274   13231.5   115.028
46.1492   13456.7   116.003
46.2709   13453.6   115.99
46.3927   13224.4   114.997
46.5145   13339   115.495
46.6362   13695   117.026
46.758    13646.3   116.817
46.8798   13821.8   117.566
47.0015   13830.9   117.605
47.1233   13867.4   117.76
47.2451   13837   117.631
47.3668   13794.4   117.45
47.4886   13717.3   117.121
47.6104   13974.9   118.216
47.7321   14079.4   118.657
47.8539   13961.7   118.16
47.9756   14177.8   119.07
48.0974   14104.8   118.763
48.2192   14127.1   118.857
48.3409   14186.9   119.109
48.4627   14398.9   119.995
48.5845   14220.4   119.249
48.7062   14278.2   119.491
48.828    14338   119.741
48.9498   14459.7   120.249
49.0715   14322.8   119.678
49.1933   14525.7   120.522
49.3151   14540.9   120.586
49.4368   14395.8   119.983
49.5586   14422.2   120.092
49.6804   14770.1   121.532
49.8021   14659.5   121.077
49.9239   14823.8   121.753
50.0457   15147.4   123.075
50.1674   14834   121.795
50.2892   14867.4   121.932
50.411    14887.7   122.015
50.5327   14979   122.389
50.6545   15155.5   123.108
50.7763   15336   123.839
50.898    15163.6   123.141
51.0198   15140.3   123.046
51.1416   15176.8   123.194
51.2633   15299.5   123.691
51.3851   15404   124.113
51.5068   15502.3   124.508
51.6286   15399.9   124.096
51.7504   15656.5   125.126
51.8721   15666.7   125.166
51.9939   15480   124.419
52.1157   15594.6   124.879
52.2374   15665.6   125.162
52.3592   15794.4   125.676
52.481    16054.1   126.705
52.6027   16013.5   126.545
52.7245   16420.2   128.141
52.8463   16237.7   127.427
52.968    16025.7   126.593
53.0898   16174.8   127.18
53.2116   16250.8   127.479
53.3333   16269.1   127.55
53.4551   16321.8   127.757
53.5769   16393.8   128.038
53.6986   16271.1   127.558
53.8204   16463.8   128.311
53.9422   16523.7   128.544
54.0639   16621   128.923
54.1857   16703.2   129.241
54.3075   16496.3   128.438
54.4292   16563.2   128.698
54.551    16777.2   129.527
54.6728   16659.6   129.072
54.7945   16961.8   130.238
54.9163   16849.2   129.805
55.0381   17270.1   131.416
55.1598   17100.8   130.77
55.2816   17307.7   131.559
55.4033   17145.4   130.94
55.5251   17310.7   131.57
55.6469   17259   131.373
55.7686   17271.1   131.42
55.8904   17232.6   131.273
56.0122   17498.3   132.281
56.1339   17323.9   131.62
56.2557   17419.2   131.982
56.3775   17517.6   132.354
56.4992   17649.4   132.851
56.621    17580.5   132.591
56.7428   17796.5   133.404
56.8645   17580.5   132.591
56.9863   17953.7   133.991
57.1081   17876.6   133.704
57.2298   17808.7   133.449
57.3516   18070.4   134.426
57.4734   17832   133.537
57.5951   17950.7   133.98
57.7169   17903   133.802
57.8387   18401   135.65
57.9604   18072.4   134.434
58.0822   18030.8   134.279
58.204    18449.7   135.83
58.3257   18503.4   136.027
58.4475   18473   135.915
58.5693   18602.8   136.392
58.691    18812.8   137.16
58.8128   18697.1   136.737
58.9346   18750.9   136.934
59.0563   18692.1   136.719
59.1781   18685   136.693
59.2998   18737.7   136.886
59.4216   18893.9   137.455
59.5434   18829   137.219
59.6651   19083.6   138.143
59.7869   19015.6   137.897
59.9087   19149.5   138.382
60.0304   18953.7   137.673
60.1522   19203.2   138.576
60.274    19274.2   138.832
60.3957   19343.2   139.08
60.5175   19448.7   139.459
60.6393   19475   139.553
60.761    19385.8   139.233
60.8828   19532.9   139.76
61.0046   19414.2   139.335
61.1263   19595.7   139.985
61.2481   19708.3   140.386
61.3699   19595.7   139.985
61.4916   19556.2   139.843
61.6134   19622.1   140.079
61.7352   19451.7   139.469
61.8569   19524.7   139.731
61.9787   19644.4   140.159
62.1005   19871.6   140.967
62.2222   19831   140.823
62.344    19801.6   140.718
62.4658   19909.1   141.1
62.5875   19792.5   140.686
62.7093   20223.5   142.209
62.8311   20044   141.577
62.9528   20136.3   141.902
63.0746   20129.2   141.877
63.1963   20236.7   142.256
63.3181   20155.6   141.97
63.4399   20042   141.57
63.5616   20203.3   142.138
63.6834   19884.8   141.013
63.8052   20121.1   141.849
63.9269   20226.6   142.22
64.0487   20204.3   142.142
64.1705   20294.5   142.459
64.2922   19902   141.075
64.414    19981.1   141.355
64.5358   20210.4   142.163
64.6575   20024.8   141.509
64.7793   20325   142.566
64.9011   20382.8   142.768
65.0228   20305.7   142.498
65.1446   20140.4   141.917
65.2664   20423.3   142.91
65.3881   20267.2   142.363
65.5099   20413.2   142.875
65.6317   20613   143.572
65.7534   20243.8   142.281
65.8752   20509.5   143.212
65.997    20385.8   142.779
66.1187   20215.4   142.181
66.2405   20512.6   143.222
66.3623   20367.6   142.715
66.484    20302.6   142.487
66.6058   20522.7   143.258
66.7275   20208.3   142.156
66.8493   20431.5   142.939
66.9711   20475.1   143.091
67.0928   20576.5   143.445
67.2146   20051.1   141.602
67.3364   20093.7   141.752
67.4581   20014.6   141.473
67.5799   20149.5   141.949
67.7017   19929.4   141.172
67.8234   20026.8   141.516
67.9452   20210.4   142.163
68.067    19950.7   141.247
68.1887   20438.6   142.963
68.3105   20088.6   141.734
68.4323   20184   142.07
68.554    20045   141.58
68.6758   20261.1   142.341
68.7976   19937.5   141.2
68.9193   20094.7   141.756
69.0411   19825   140.801
69.1629   19648.5   140.173
69.2846   19839.2   140.852
69.4064   19935.5   141.193
69.5282   20075.5   141.688
69.6499   20075.5   141.688
69.7717   19843.2   140.866
69.8935   19925.4   141.157
70.0152   19949.7   141.243
70.137    19690.1   140.321
70.2588   19721.5   140.433
70.3805   19675.9   140.271
70.5023   19723.5   140.44
70.624    19775.3   140.625
70.7458   19489.2   139.604
70.8676   19360.4   139.142
70.9893   19405.1   139.302
71.1111   19506.5   139.666
71.2329   19477.1   139.56
71.3546   19540   139.785
71.4764   19176.9   138.481
71.5982   19329   139.029
71.7199   19071.4   138.099
71.8417   19184   138.506
71.9635   19176.9   138.481
72.0852   19097.8   138.195
72.207    19224.5   138.653
72.3288   18796.5   137.1
72.4505   18830   137.222
72.5723   18704.2   136.763
72.6941   18842.2   137.267
72.8158   18603.8   136.396
72.9376   18669.8   136.637
73.0594   18411.1   135.688
73.1811   18239.7   135.055
73.3029   18377.7   135.564
73.4247   18369.5   135.534
73.5464   18475   135.923
73.6682   18031.8   134.283
73.79   18230.6   135.021
73.9117   18170.8   134.799
74.0335   17921.3   133.87
74.1553   17924.3   133.882
74.277    17861.4   133.647
74.3988   17834   133.544
74.5205   17579.5   132.588
74.6423   17597.7   132.656
74.7641   17536.9   132.427
74.8858   17228.5   131.258
75.0076   17035.8   130.521
75.1294   17129.2   130.878
75.2511   17090.6   130.731
75.3729   16995.3   130.366
75.4947   16733.6   129.358
75.6164   16769.1   129.496
75.7382   16630.2   128.958
75.86   16683.9   129.166
75.9817   16493.2   128.426
76.1035   16567.3   128.714
76.2253   16372.5   127.955
76.347    16478   128.367
76.4688   16219.4   127.355
76.5906   16315.8   127.733
76.7123   15881.7   126.022
76.8341   15854.3   125.914
76.9559   15739.7   125.458
77.0776   15638.3   125.053
77.1994   15715.3   125.361
77.3212   15588.6   124.854
77.4429   15174.8   123.186
77.5647   15282.3   123.621
77.6865   15256.9   123.519
77.8082   15133.2   123.017
77.93   14907   122.094
78.0518   14976   122.376
78.1735   14791.4   121.62
78.2953   14602.7   120.842
78.417    14651.4   121.043
78.5388   14427.3   120.114
78.6606   14527.7   120.531
78.7823   14241.7   119.338
78.9041   14154.4   118.972
79.0259   14053   118.545
79.1476   14037.8   118.481
79.2694   13764   117.32
79.3912   13875.5   117.794
79.5129   13876.6   117.799
79.6347   13537.8   116.352
79.7565   13383.6   115.688
79.8782   13249.8   115.108
80    13185.9   114.83
80.1218   13162.5   114.728
80.2435   12870.4   113.448
80.3653   12923.2   113.68
80.4871   12669.6   112.559
80.6088   12653.4   112.487
80.7306   12598.6   112.244
80.8524   12231.5   110.596
80.9741   12290.3   110.862
81.0959   12155.4   110.252
81.2177   12011.4   109.597
81.3394   12182.8   110.376
81.4612   11792.3   108.593
81.583    11818.7   108.714
81.7047   11666.6   108.012
81.8265   11563.1   107.532
81.9482   11471.8   107.107
82.07   11370.4   106.632
82.1918   11297.4   106.289
82.3135   11004.3   104.901
82.4353   10979.9   104.785
82.5571   10789.3   103.871
82.6788   10793.3   103.891
82.8006   10812.6   103.984
82.9224   10558   102.752
83.0441   10334.9   101.661
83.1659   10315.6   101.566
83.2877   10177.7   100.885
83.4094   10100.6   100.502
83.5312   9890.67   99.4518
83.653    9744.62   98.7149
83.7747   9778.09   98.8842
83.8965   9590.46   97.9309
84.0183   9431.23   97.1145
84.14   9638.13   98.174
84.2618   9506.28   97.5002
84.3836   9499.18   97.4637
84.5053   9167.53   95.7472
84.6271   9138.12   95.5935
84.7489   8900.79   94.344
84.8706   8964.69   94.682
84.9924   8727.36   93.4203
85.1142   8620.87   92.8486
85.2359   8520.46   92.3063
85.3577   8482.93   92.1028
85.4795   8275.02   90.9671
85.6012   8134.04   90.1889
85.723    8362.24   91.4453
85.8447   8027.55   89.5966
85.9665   8015.38   89.5286
86.0883   7902.8    88.8977
86.21   7635.05   87.3787
86.3318   7636.06   87.3845
86.4536   7464.66   86.3982
86.5753   7287.17   85.3649
86.6971   7292.24   85.3946
86.8189   7302.38   85.454
86.9406   7247.61   85.1329
87.0624   7083.31   84.1624
87.1842   6946.39   83.345
87.3059   6856.12   82.8017
87.4277   6818.6    82.5748
87.5495   6713.12   81.9336
87.6712   6572.14   81.0688
87.793    6454.49   80.3399
87.9148   6397.7    79.9856
88.0365   6522.45   80.7617
88.1583   6340.9    79.6298
88.2801   6108.65   78.1578
88.4018   5989.98   77.395
88.5236   5881.46   76.6907
88.6454   5899.72   76.8096
88.7671   5754.68   75.8596
88.8889   5788.15   76.0799
89.0107   5711.07   75.5716
89.1324   5555.9    74.5379
89.2542   5581.25   74.7078
89.376    5384.49   73.3791
89.4977   5376.38   73.3238
89.6195   5223.23   72.2719
89.7412   5191.79   72.0541
89.863    5073.13   71.2259
89.9848   5025.46   70.8905
90.1065   4851.01   69.6492
90.2283   4730.32   68.7773
90.3501   4749.59   68.9173
90.4718   4761.76   69.0055
90.5936   4591.37   67.7597
90.7154   4531.53   67.3167
90.8371   4490.96   67.0147
90.9589   4547.76   67.4371
91.0807   4249.58   65.1888
91.2024   4161.34   64.5085
91.3242   4095.42   63.9955
91.446    4013.27   63.3504
91.5677   4083.25   63.9003
91.6895   4060.94   63.7255
91.8113   3931.12   62.6986
91.933    3822.59   61.8271
92.0548   3762.75   61.3413
92.1766   3618.74   60.1559
92.2983   3710.02   60.9099
92.4201   3683.65   60.693
92.5419   3672.49   60.6011
92.6636   3337.8    57.7737
92.7854   3455.45   58.783
92.9072   3367.21   58.0277
93.0289   3309.4    57.5274
93.1507   3171.46   56.3158
93.2725   3210.01   56.6569
93.3942   3016.29   54.9208
93.516    2973.69   54.5316
93.6377   2990.93   54.6894
93.7595   2977.75   54.5688
93.8813   2771.86   52.6485
94.003    2760.71   52.5424
94.1248   2804.32   52.9558
94.2466   2708.98   52.0479
94.3683   2767.81   52.6099
94.4901   2678.55   51.7547
94.6119   2504.11   50.0411
94.7336   2517.29   50.1726
94.8554   2511.21   50.112
94.9772   2390.52   48.8929
95.0989   2399.64   48.9862
95.2207   2336.76   48.3401
95.3425   2279.97   47.749
95.4642   2251.57   47.4507
95.586    2126.82   46.1174
95.7078   2171.44   46.5988
95.8295   2129.86   46.1504
95.9513   2048.72   45.2628
96.0731   2042.64   45.1956
96.1948   1909.78   43.701
96.3166   1906.73   43.6662
96.4384   1922.96   43.8516
96.5601   1910.79   43.7126
96.6819   1807.34   42.5128
96.8037   1814.44   42.5962
96.9254   1810.38   42.5486
97.0472   1658.25   40.7216
97.1689   1735.33   41.6573
97.2907   1651.15   40.6343
97.4125   1529.44   39.1081
97.5342   1624.78   40.3086
97.656    1540.6    39.2505
97.7778   1579.14   39.7384
97.8995   1486.85   38.5596
98.0213   1418.89   37.6682
98.1431   1397.59   37.3844
98.2648   1423.96   37.7355
98.3866   1343.84   36.6584
98.5084   1346.88   36.6999
98.6301   1284    35.833
98.7519   1280.96   35.7905
98.8737   1250.53   35.3629
98.9954   1202.86   34.6823
99.1172   1171.42   34.2261
99.239    1173.45   34.2557
99.3607   1115.64   33.4012
99.4825   1121.73   33.4922
99.6043   1039.58   32.2424
99.726    1104.49   33.2338
99.8478   1036.53   32.1952
99.9696   993.935   31.5267
100.091   982.779   31.3493
100.213   955.395   30.9095
100.335   917.869   30.2963
100.457   941.196   30.6789
100.578   917.869   30.2963
100.7   846.873   29.1011
100.822   843.831   29.0488
100.944   825.575   28.7328
101.065   783.992   27.9999
101.187   834.703   28.8912
101.309   744.437   27.2844
101.431   795.148   28.1984
101.553   743.423   27.2658
101.674   733.281   27.0792
101.796   632.873   25.157
101.918   665.328   25.794
102.04    663.3   25.7546
102.161   615.631   24.8119
102.283   638.958   25.2776
102.405   637.944   25.2576
102.527   600.418   24.5034
102.648   600.418   24.5034
102.77    547.679   23.4025
102.892   555.792   23.5752
103.014   524.352   22.8987
103.135   571.006   23.8957
103.257   509.138   22.5641
103.379   503.053   22.4288
103.501   515.224   22.6985
103.623   458.427   21.4109
103.744   441.186   21.0044
103.866   447.271   21.1488
103.988   480.74    21.9258
104.11    403.659   20.0913
104.231   425.972   20.6391
104.353   388.446   19.709
104.475   426.986   20.6637
104.597   393.517   19.8373
104.718   373.233   19.3192
104.84    350.92    18.7329
104.962   370.19    19.2403
105.084   381.347   19.5281
105.205   358.02    18.9214
105.327   311.365   17.6456
105.449   304.266   17.4432
105.571   322.522   17.9589
105.693   289.053   17.0015
105.814   276.882   16.6398
105.936   261.669   16.1762
106.058   266.74    16.3322
106.18    262.683   16.2075
106.301   230.228   15.1733
106.423   236.313   15.3725
106.545   257.612   16.0503
106.667   238.342   15.4383
106.788   244.427   15.6342
106.91    228.199   15.1063
107.032   217.043   14.7324
107.154   194.73    13.9546
107.275   212.986   14.594
107.397   198.787   14.0992
107.519   199.801   14.1351
107.641   197.773   14.0632
107.763   186.616   13.6608
107.884   158.218   12.5785
108.006   188.645   13.7348
108.128   161.261   12.6989
108.25    155.176   12.457
108.371   149.09    12.2103
108.493   135.905   11.6578
108.615   137.934   11.7445
108.737   135.905   11.6578
108.858   125.763   11.2144
108.98    134.891   11.6143
109.102   127.792   11.3045
109.224   133.877   11.5705
109.346   131.849   11.4825
109.467   114.607   10.7055
109.589   98.3793   9.91863
109.711   130.834   11.4383
109.833   104.465   10.2208
109.954   119.678   10.9397
110.076   91.2798   9.55404
110.198   92.294    9.60698
110.32    101.422   10.0708
110.441   80.1234   8.95116
110.563   76.0665   8.72161
110.685   65.9243   8.11938
110.807   98.3793   9.91863
110.928   85.1944   9.23008
111.05    69.9812   8.36547
111.172   80.1234   8.95116
111.294   79.1091   8.89433
111.416   88.2371   9.39346
111.537   78.0949   8.83713
111.659   70.9954   8.42587
111.781   69.9812   8.36547
111.903   54.7679   7.40053
112.024   59.839    7.73556
112.146   56.7963   7.53633
112.268   57.8105   7.60332
112.39    40.5688   6.36936
112.511   51.7252   7.19202
112.633   55.7821   7.46874
112.755   61.8674   7.86558
112.877   57.8105   7.60332
112.998   43.6114   6.6039
113.12    46.6541   6.83038
113.242   46.6541   6.83038
113.364   41.583    6.44849
113.486   40.5688   6.36936
113.607   45.6399   6.75573
113.729   36.5119   6.04251
113.851   34.4835   5.87226
113.973   29.4124   5.42332
114.094   33.4692   5.78526
114.216   29.4124   5.42332
114.338   30.4266   5.51603
114.46    28.3982   5.32899
114.581   20.2844   4.50382
114.703   23.3271   4.82981
114.825   32.455    5.69693
114.947   23.3271   4.82981
115.068   25.3555   5.03542
115.19    19.2702   4.38978
115.312   30.4266   5.51603
115.434   24.3413   4.93369
115.556   23.3271   4.82981
115.677   12.1706   3.48864
115.799   19.2702   4.38978
115.921   23.3271   4.82981
116.043   19.2702   4.38978
116.164   18.256    4.2727
116.286   20.2844   4.50382
116.408   22.3128   4.72365
116.53    12.1706   3.48864
116.651   12.1706   3.48864
116.773   11.1564   3.34012
116.895   14.1991   3.76817
117.017   13.1849   3.6311
117.139   16.2275   4.02834
117.26    19.2702   4.38978
117.382   6.08532   2.46684
117.504   17.2417   4.15232
117.626   11.1564   3.34012
117.747   11.1564   3.34012
117.869   5.0711    2.25191
117.991   9.12798   3.02125
118.113   9.12798   3.02125
118.234   14.1991   3.76817
118.356   12.1706   3.48864
118.478   4.05688   2.01417
118.6   9.12798   3.02125
118.721   13.1849   3.6311
118.843   8.11376   2.84847
118.965   7.09954   2.6645
119.087   6.08532   2.46684
119.209   6.08532   2.46684
119.33    7.09954   2.6645
119.452   4.05688   2.01417
119.574   7.09954   2.6645
119.696   4.05688   2.01417
119.817   6.08532   2.46684
119.939   11.1564   3.34012
120.061   3.04266   1.74432
120.183   3.04266   1.74432
120.304   6.08532   2.46684
120.426   7.09954   2.6645
120.548   2.02844   1.42423
120.67    4.05688   2.01417
120.791   6.08532   2.46684
120.913   1.01422   1.00708
121.035   7.09954   2.6645
121.157   4.05688   2.01417
121.279   5.0711    2.25191
121.4   6.08532   2.46684
121.522   6.08532   2.46684
121.644   4.05688   2.01417
121.766   2.02844   1.42423
121.887   2.02844   1.42423
122.009   1.01422   1.00708
122.131   4.05688   2.01417
122.253   1.01422   1.00708
122.374   2.02844   1.42423
122.496   6.08532   2.46684
122.618   4.05688   2.01417
122.74    4.05688   2.01417
122.861   5.0711    2.25191
122.983   0   0
123.105   2.02844   1.42423
123.227   4.05688   2.01417
123.349   2.02844   1.42423
123.47    2.02844   1.42423
123.592   2.02844   1.42423
123.714   2.02844   1.42423
123.836   0   0
123.957   3.04266   1.74432
124.079   0   0
124.201   0   0
124.323   1.01422   1.00708
124.444   1.01422   1.00708
124.566   1.01422   1.00708
124.688   0   0
124.81    1.01422   1.00708
124.932   1.01422   1.00708
125.053   2.02844   1.42423
125.175   4.05688   2.01417
125.297   0   0
125.419   0   0
125.54    0   0
125.662   1.01422   1.00708
125.784   1.01422   1.00708
125.906   0   0
126.027   0   0
126.149   1.01422   1.00708
126.271   0   0
126.393   0   0
126.514   0   0
126.636   1.01422   1.00708
126.758   0   0
126.88    0   0
127.002   0   0
127.123   0   0
127.245   1.01422   1.00708
127.367   1.01422   1.00708
127.489   0   0
127.61    0   0
127.732   1.01422   1.00708
127.854   0   0
127.976   0   0
128.097   1.01422   1.00708
128.219   0   0
128.341   2.02844   1.42423
128.463   1.01422   1.00708
128.584   1.01422   1.00708
128.706   0   0
128.828   0   0
128.95    1.01422   1.00708
129.072   0   0
129.193   0   0
129.315   1.01422   1.00708
129.437   0   0
129.559   0   0
129.68    0   0
129.802   0   0
129.924   0   0
130.046   0   0
130.167   0   0
130.289   0   0
130.411   1.01422   1.00708
130.533   0   0
130.654   1.01422   1.00708
130.776   0   0
130.898   0   0
131.02    0   0
131.142   0   0
131.263   1.01422   1.00708
131.385   0   0
131.507   0   0
131.629   0   0
131.75    0   0
131.872   0   0
131.994   0   0
132.116   0   0
132.237   0   0
132.359   0   0
132.481   0   0
132.603   0   0
132.725   0   0
132.846   0   0
132.968   0   0
133.09    1.01422   1.00708
133.212   0   0
133.333   0   0
133.455   0   0
133.577   0   0
133.699   0   0
133.82    0   0
133.942   0   0
134.064   0   0
134.186   0   0
134.307   0   0
134.429   0   0
134.551   0   0
134.673   0   0
134.795   0   0
134.916   0   0
135.038   0   0
135.16    0   0
135.282   0   0
135.403   0   0
135.525   0   0
135.647   0   0
135.769   0   0
135.89    0   0
136.012   0   0
136.134   0   0
136.256   0   0
136.377   0   0
136.499   0   0
136.621   0   0
136.743   0   0
136.865   0   0
136.986   0   0
137.108   0   0
137.23    0   0
137.352   0   0
137.473   0   0
137.595   0   0
137.717   0   0
137.839   0   0
137.96    0   0
138.082   0   0
138.204   0   0
138.326   0   0
138.447   0   0
138.569   0   0
138.691   0   0
138.813   0   0
138.935   0   0
139.056   0   0
139.178   0   0
139.3   0   0
139.422   0   0
139.543   0   0
139.665   0   0
139.787   0   0
139.909   0   0
140.03    0   0
140.152   0   0
140.274   0   0
140.396   0   0
140.518   0   0
140.639   0   0
140.761   0   0
140.883   0   0
141.005   0   0
141.126   0   0
141.248   0   0
141.37    0   0
141.492   0   0
141.613   0   0
141.735   0   0
141.857   0   0
141.979   0   0
142.1   0   0
142.222   0   0
142.344   0   0
142.466   0   0
142.588   0   0
142.709   0   0
142.831   0   0
142.953   0   0
143.075   0   0
143.196   0   0
143.318   0   0
143.44    0   0
143.562   0   0
143.683   0   0
143.805   0   0
143.927   0   0
144.049   0   0
144.17    0   0
144.292   0   0
144.414   0   0
144.536   0   0
144.658   0   0
144.779   0   0
144.901   0   0
145.023   0   0
145.145   0   0
145.266   0   0
145.388   0   0
145.51    0   0
145.632   0   0
145.753   0   0
145.875   0   0
145.997   0   0
146.119   0   0
146.24    0   0
146.362   0   0
146.484   0   0
146.606   0   0
146.728   0   0
146.849   0   0
146.971   0   0
147.093   0   0
147.215   0   0
147.336   0   0
147.458   0   0
147.58    0   0
147.702   0   0
147.823   0   0
147.945   0   0
148.067   0   0
148.189   0   0
148.311   0   0
148.432   0   0
148.554   0   0
148.676   0   0
148.798   0   0
148.919   0   0
149.041   0   0
149.163   0   0
149.285   0   0
149.406   0   0
149.528   0   0
149.65    0   0
149.772   0   0
149.893   0   0
150.015   0   0
150.137   0   0
150.259   0   0
150.381   0   0
150.502   0   0
150.624   0   0
150.746   0   0
150.868   0   0
150.989   0   0
151.111   0   0
151.233   0   0
151.355   0   0
151.476   0   0
151.598   0   0
151.72    0   0
151.842   0   0
151.963   0   0
152.085   0   0
152.207   0   0
152.329   0   0
152.451   0   0
152.572   0   0
152.694   0   0
152.816   0   0
152.938   0   0
153.059   0   0
153.181   0   0
153.303   0   0
153.425   0   0
153.546   0   0
153.668   0   0
153.79    0   0
153.912   0   0
154.033   0   0
154.155   0   0
154.277   0   0
154.399   0   0
154.521   0   0
154.642   0   0
154.764   0   0
154.886   0   0
155.008   0   0
155.129   0   0
155.251   0   0
155.373   0   0
155.495   0   0
155.616   0   0
155.738   0   0
155.86    0   0
155.982   0   0
156.104   0   0
156.225   0   0
156.347   0   0
156.469   0   0
156.591   0   0
156.712   0   0
156.834   0   0
156.956   0   0
157.078   0   0
157.199   0   0
157.321   0   0
157.443   0   0
157.565   0   0
157.686   0   0
157.808   0   0
157.93    0   0
158.052   0   0
158.174   0   0
158.295   0   0
158.417   0   0
158.539   0   0
158.661   0   0
158.782   0   0
158.904   0   0
159.026   0   0
159.148   0   0
159.269   0   0
159.391   0   0
159.513   0   0
159.635   0   0
159.756   0   0
159.878   0   0
160
